0.02922 62.85 74.04 78.58 87.30
0.06818 63.85 76.97 79.62 89.81
0.09740 62.61 74.78 76.27 90.85
0.12662 62.77 73.16 77.62 91.46
0.15584 60.25 74.19 76.04 90.71
0.18506 59.18 71.44 80.83 91.59
0.21428 58.21 77.25 79.01 96.00
0.24350 57.08 75.14 82.60 92.44
0.27272 53.67 76.23 78.13 87.88
0.30194 57.52 77.85 80.97 90.67
0.33116 52.97 74.93 70.77 84.75
0.36038 59.05 75.13 76.06 85.57
0.38960 57.38 75.67 75.19 87.69
0.41883 56.47 72.81 75.58 85.20
0.44804 53.45 71.31 74.53 88.12
0.47726 60.41 69.40 75.70 91.03
0.50648 56.94 73.35 72.68 89.10
0.53570 65.04 75.58 77.14 83.92
0.56492 64.70 75.56 77.49 85.23
0.59414 62.31 73.22 76.61 84.58
