0.0432 66.19		103.10		98.76		120.16		
0.0756 68.83		109.07		104.60		125.48
0.1080 64.35		103.00		106.06		136.64
0.1404 66.86		106.75		116.78		133.07
0.1728 66.94		105.69		111.80		139.07
0.2052 63.02		108.99		113.66		138.11
0.2376 63.18		108.65		122.24		145.33
0.2700 63.35		107.67		114.14		138.42
0.3024 58.97		107.41		123.85		136.14
0.3348 57.58		105.87		122.54		145.71		
0.3672 58.91		100.06		119.03		137.64
0.3996 63.46		103.62		86.27		133.61
0.4320 66.83		106.92		98.99		130.38
0.4644 80.89		99.65		94.85		127.62
